{"nbformat":4,"nbformat_minor":0,"metadata":{"colab":{"name":"3.sort_by.ipynb","provenance":[],"authorship_tag":"ABX9TyPhB0rE12q7U1eqwe7ZuBkN"},"kernelspec":{"name":"python3","display_name":"Python 3"}},"cells":[{"cell_type":"code","metadata":{"id":"zOJayhL4Qfh8","colab_type":"code","colab":{},"executionInfo":{"status":"ok","timestamp":1592564883934,"user_tz":-330,"elapsed":998,"user":{"displayName":"dhanya hari","photoUrl":"","userId":"01887745784407435863"}}},"source":["import pandas as pd\n"],"execution_count":2,"outputs":[]},{"cell_type":"code","metadata":{"id":"aTYVjdzlQrxZ","colab_type":"code","colab":{"base_uri":"https://localhost:8080/","height":142},"executionInfo":{"status":"ok","timestamp":1592564908830,"user_tz":-330,"elapsed":2173,"user":{"displayName":"dhanya hari","photoUrl":"","userId":"01887745784407435863"}},"outputId":"a523bf91-cc32-44a8-e2a2-7187944a4b48"},"source":["data_url = 'http://bit.ly/2cLzoxH'\n","# read data from url as pandas dataframe\n","df = pd.read_csv(data_url)\n","# print the first three rows\n","df.head(3)"],"execution_count":3,"outputs":[{"output_type":"execute_result","data":{"text/html":["<div>\n","<style scoped>\n","    .dataframe tbody tr th:only-of-type {\n","        vertical-align: middle;\n","    }\n","\n","    .dataframe tbody tr th {\n","        vertical-align: top;\n","    }\n","\n","    .dataframe thead th {\n","        text-align: right;\n","    }\n","</style>\n","<table border=\"1\" class=\"dataframe\">\n","  <thead>\n","    <tr style=\"text-align: right;\">\n","      <th></th>\n","      <th>country</th>\n","      <th>year</th>\n","      <th>pop</th>\n","      <th>continent</th>\n","      <th>lifeExp</th>\n","      <th>gdpPercap</th>\n","    </tr>\n","  </thead>\n","  <tbody>\n","    <tr>\n","      <th>0</th>\n","      <td>Afghanistan</td>\n","      <td>1952</td>\n","      <td>8425333.0</td>\n","      <td>Asia</td>\n","      <td>28.801</td>\n","      <td>779.445314</td>\n","    </tr>\n","    <tr>\n","      <th>1</th>\n","      <td>Afghanistan</td>\n","      <td>1957</td>\n","      <td>9240934.0</td>\n","      <td>Asia</td>\n","      <td>30.332</td>\n","      <td>820.853030</td>\n","    </tr>\n","    <tr>\n","      <th>2</th>\n","      <td>Afghanistan</td>\n","      <td>1962</td>\n","      <td>10267083.0</td>\n","      <td>Asia</td>\n","      <td>31.997</td>\n","      <td>853.100710</td>\n","    </tr>\n","  </tbody>\n","</table>\n","</div>"],"text/plain":["       country  year         pop continent  lifeExp   gdpPercap\n","0  Afghanistan  1952   8425333.0      Asia   28.801  779.445314\n","1  Afghanistan  1957   9240934.0      Asia   30.332  820.853030\n","2  Afghanistan  1962  10267083.0      Asia   31.997  853.100710"]},"metadata":{"tags":[]},"execution_count":3}]},{"cell_type":"markdown","metadata":{"id":"zCozwsyCREE3","colab_type":"text"},"source":["#  Sort Pandas Dataframe based on the values of a column"]},{"cell_type":"code","metadata":{"id":"A3Xi5r5EQ_pa","colab_type":"code","colab":{"base_uri":"https://localhost:8080/","height":419},"executionInfo":{"status":"ok","timestamp":1592564956430,"user_tz":-330,"elapsed":1566,"user":{"displayName":"dhanya hari","photoUrl":"","userId":"01887745784407435863"}},"outputId":"d73c2e0a-5bc3-4caa-ffc9-a1f196929a32"},"source":["sort_by_life = df.sort_values('lifeExp')\n","df"],"execution_count":6,"outputs":[{"output_type":"execute_result","data":{"text/html":["<div>\n","<style scoped>\n","    .dataframe tbody tr th:only-of-type {\n","        vertical-align: middle;\n","    }\n","\n","    .dataframe tbody tr th {\n","        vertical-align: top;\n","    }\n","\n","    .dataframe thead th {\n","        text-align: right;\n","    }\n","</style>\n","<table border=\"1\" class=\"dataframe\">\n","  <thead>\n","    <tr style=\"text-align: right;\">\n","      <th></th>\n","      <th>country</th>\n","      <th>year</th>\n","      <th>pop</th>\n","      <th>continent</th>\n","      <th>lifeExp</th>\n","      <th>gdpPercap</th>\n","    </tr>\n","  </thead>\n","  <tbody>\n","    <tr>\n","      <th>0</th>\n","      <td>Afghanistan</td>\n","      <td>1952</td>\n","      <td>8425333.0</td>\n","      <td>Asia</td>\n","      <td>28.801</td>\n","      <td>779.445314</td>\n","    </tr>\n","    <tr>\n","      <th>1</th>\n","      <td>Afghanistan</td>\n","      <td>1957</td>\n","      <td>9240934.0</td>\n","      <td>Asia</td>\n","      <td>30.332</td>\n","      <td>820.853030</td>\n","    </tr>\n","    <tr>\n","      <th>2</th>\n","      <td>Afghanistan</td>\n","      <td>1962</td>\n","      <td>10267083.0</td>\n","      <td>Asia</td>\n","      <td>31.997</td>\n","      <td>853.100710</td>\n","    </tr>\n","    <tr>\n","      <th>3</th>\n","      <td>Afghanistan</td>\n","      <td>1967</td>\n","      <td>11537966.0</td>\n","      <td>Asia</td>\n","      <td>34.020</td>\n","      <td>836.197138</td>\n","    </tr>\n","    <tr>\n","      <th>4</th>\n","      <td>Afghanistan</td>\n","      <td>1972</td>\n","      <td>13079460.0</td>\n","      <td>Asia</td>\n","      <td>36.088</td>\n","      <td>739.981106</td>\n","    </tr>\n","    <tr>\n","      <th>...</th>\n","      <td>...</td>\n","      <td>...</td>\n","      <td>...</td>\n","      <td>...</td>\n","      <td>...</td>\n","      <td>...</td>\n","    </tr>\n","    <tr>\n","      <th>1699</th>\n","      <td>Zimbabwe</td>\n","      <td>1987</td>\n","      <td>9216418.0</td>\n","      <td>Africa</td>\n","      <td>62.351</td>\n","      <td>706.157306</td>\n","    </tr>\n","    <tr>\n","      <th>1700</th>\n","      <td>Zimbabwe</td>\n","      <td>1992</td>\n","      <td>10704340.0</td>\n","      <td>Africa</td>\n","      <td>60.377</td>\n","      <td>693.420786</td>\n","    </tr>\n","    <tr>\n","      <th>1701</th>\n","      <td>Zimbabwe</td>\n","      <td>1997</td>\n","      <td>11404948.0</td>\n","      <td>Africa</td>\n","      <td>46.809</td>\n","      <td>792.449960</td>\n","    </tr>\n","    <tr>\n","      <th>1702</th>\n","      <td>Zimbabwe</td>\n","      <td>2002</td>\n","      <td>11926563.0</td>\n","      <td>Africa</td>\n","      <td>39.989</td>\n","      <td>672.038623</td>\n","    </tr>\n","    <tr>\n","      <th>1703</th>\n","      <td>Zimbabwe</td>\n","      <td>2007</td>\n","      <td>12311143.0</td>\n","      <td>Africa</td>\n","      <td>43.487</td>\n","      <td>469.709298</td>\n","    </tr>\n","  </tbody>\n","</table>\n","<p>1704 rows × 6 columns</p>\n","</div>"],"text/plain":["          country  year         pop continent  lifeExp   gdpPercap\n","0     Afghanistan  1952   8425333.0      Asia   28.801  779.445314\n","1     Afghanistan  1957   9240934.0      Asia   30.332  820.853030\n","2     Afghanistan  1962  10267083.0      Asia   31.997  853.100710\n","3     Afghanistan  1967  11537966.0      Asia   34.020  836.197138\n","4     Afghanistan  1972  13079460.0      Asia   36.088  739.981106\n","...           ...   ...         ...       ...      ...         ...\n","1699     Zimbabwe  1987   9216418.0    Africa   62.351  706.157306\n","1700     Zimbabwe  1992  10704340.0    Africa   60.377  693.420786\n","1701     Zimbabwe  1997  11404948.0    Africa   46.809  792.449960\n","1702     Zimbabwe  2002  11926563.0    Africa   39.989  672.038623\n","1703     Zimbabwe  2007  12311143.0    Africa   43.487  469.709298\n","\n","[1704 rows x 6 columns]"]},"metadata":{"tags":[]},"execution_count":6}]},{"cell_type":"code","metadata":{"id":"ZwrwlNHCRH6X","colab_type":"code","colab":{"base_uri":"https://localhost:8080/","height":419},"executionInfo":{"status":"ok","timestamp":1592565009699,"user_tz":-330,"elapsed":1305,"user":{"displayName":"dhanya hari","photoUrl":"","userId":"01887745784407435863"}},"outputId":"9bd60448-2360-44ed-cddc-cfec8bbc503c"},"source":["sort_by_life = df.sort_values('lifeExp',inplace=True)\n","df"],"execution_count":7,"outputs":[{"output_type":"execute_result","data":{"text/html":["<div>\n","<style scoped>\n","    .dataframe tbody tr th:only-of-type {\n","        vertical-align: middle;\n","    }\n","\n","    .dataframe tbody tr th {\n","        vertical-align: top;\n","    }\n","\n","    .dataframe thead th {\n","        text-align: right;\n","    }\n","</style>\n","<table border=\"1\" class=\"dataframe\">\n","  <thead>\n","    <tr style=\"text-align: right;\">\n","      <th></th>\n","      <th>country</th>\n","      <th>year</th>\n","      <th>pop</th>\n","      <th>continent</th>\n","      <th>lifeExp</th>\n","      <th>gdpPercap</th>\n","    </tr>\n","  </thead>\n","  <tbody>\n","    <tr>\n","      <th>1292</th>\n","      <td>Rwanda</td>\n","      <td>1992</td>\n","      <td>7290203.0</td>\n","      <td>Africa</td>\n","      <td>23.599</td>\n","      <td>737.068595</td>\n","    </tr>\n","    <tr>\n","      <th>0</th>\n","      <td>Afghanistan</td>\n","      <td>1952</td>\n","      <td>8425333.0</td>\n","      <td>Asia</td>\n","      <td>28.801</td>\n","      <td>779.445314</td>\n","    </tr>\n","    <tr>\n","      <th>552</th>\n","      <td>Gambia</td>\n","      <td>1952</td>\n","      <td>284320.0</td>\n","      <td>Africa</td>\n","      <td>30.000</td>\n","      <td>485.230659</td>\n","    </tr>\n","    <tr>\n","      <th>36</th>\n","      <td>Angola</td>\n","      <td>1952</td>\n","      <td>4232095.0</td>\n","      <td>Africa</td>\n","      <td>30.015</td>\n","      <td>3520.610273</td>\n","    </tr>\n","    <tr>\n","      <th>1344</th>\n","      <td>Sierra Leone</td>\n","      <td>1952</td>\n","      <td>2143249.0</td>\n","      <td>Africa</td>\n","      <td>30.331</td>\n","      <td>879.787736</td>\n","    </tr>\n","    <tr>\n","      <th>...</th>\n","      <td>...</td>\n","      <td>...</td>\n","      <td>...</td>\n","      <td>...</td>\n","      <td>...</td>\n","      <td>...</td>\n","    </tr>\n","    <tr>\n","      <th>1487</th>\n","      <td>Switzerland</td>\n","      <td>2007</td>\n","      <td>7554661.0</td>\n","      <td>Europe</td>\n","      <td>81.701</td>\n","      <td>37506.419070</td>\n","    </tr>\n","    <tr>\n","      <th>695</th>\n","      <td>Iceland</td>\n","      <td>2007</td>\n","      <td>301931.0</td>\n","      <td>Europe</td>\n","      <td>81.757</td>\n","      <td>36180.789190</td>\n","    </tr>\n","    <tr>\n","      <th>802</th>\n","      <td>Japan</td>\n","      <td>2002</td>\n","      <td>127065841.0</td>\n","      <td>Asia</td>\n","      <td>82.000</td>\n","      <td>28604.591900</td>\n","    </tr>\n","    <tr>\n","      <th>671</th>\n","      <td>Hong Kong China</td>\n","      <td>2007</td>\n","      <td>6980412.0</td>\n","      <td>Asia</td>\n","      <td>82.208</td>\n","      <td>39724.978670</td>\n","    </tr>\n","    <tr>\n","      <th>803</th>\n","      <td>Japan</td>\n","      <td>2007</td>\n","      <td>127467972.0</td>\n","      <td>Asia</td>\n","      <td>82.603</td>\n","      <td>31656.068060</td>\n","    </tr>\n","  </tbody>\n","</table>\n","<p>1704 rows × 6 columns</p>\n","</div>"],"text/plain":["              country  year          pop continent  lifeExp     gdpPercap\n","1292           Rwanda  1992    7290203.0    Africa   23.599    737.068595\n","0         Afghanistan  1952    8425333.0      Asia   28.801    779.445314\n","552            Gambia  1952     284320.0    Africa   30.000    485.230659\n","36             Angola  1952    4232095.0    Africa   30.015   3520.610273\n","1344     Sierra Leone  1952    2143249.0    Africa   30.331    879.787736\n","...               ...   ...          ...       ...      ...           ...\n","1487      Switzerland  2007    7554661.0    Europe   81.701  37506.419070\n","695           Iceland  2007     301931.0    Europe   81.757  36180.789190\n","802             Japan  2002  127065841.0      Asia   82.000  28604.591900\n","671   Hong Kong China  2007    6980412.0      Asia   82.208  39724.978670\n","803             Japan  2007  127467972.0      Asia   82.603  31656.068060\n","\n","[1704 rows x 6 columns]"]},"metadata":{"tags":[]},"execution_count":7}]},{"cell_type":"markdown","metadata":{"id":"BJ91YcC6Rdvk","colab_type":"text"},"source":["# Sort Pandas Dataframe based on the values of a column (Descending order)"]},{"cell_type":"code","metadata":{"id":"t7zTGjOIRYcz","colab_type":"code","colab":{"base_uri":"https://localhost:8080/","height":419},"executionInfo":{"status":"ok","timestamp":1592565053651,"user_tz":-330,"elapsed":1205,"user":{"displayName":"dhanya hari","photoUrl":"","userId":"01887745784407435863"}},"outputId":"f6184144-8503-4fb8-c161-869ff9d380e5"},"source":["df=sort_by_life = df.sort_values('lifeExp',ascending=False)\n","df"],"execution_count":8,"outputs":[{"output_type":"execute_result","data":{"text/html":["<div>\n","<style scoped>\n","    .dataframe tbody tr th:only-of-type {\n","        vertical-align: middle;\n","    }\n","\n","    .dataframe tbody tr th {\n","        vertical-align: top;\n","    }\n","\n","    .dataframe thead th {\n","        text-align: right;\n","    }\n","</style>\n","<table border=\"1\" class=\"dataframe\">\n","  <thead>\n","    <tr style=\"text-align: right;\">\n","      <th></th>\n","      <th>country</th>\n","      <th>year</th>\n","      <th>pop</th>\n","      <th>continent</th>\n","      <th>lifeExp</th>\n","      <th>gdpPercap</th>\n","    </tr>\n","  </thead>\n","  <tbody>\n","    <tr>\n","      <th>803</th>\n","      <td>Japan</td>\n","      <td>2007</td>\n","      <td>127467972.0</td>\n","      <td>Asia</td>\n","      <td>82.603</td>\n","      <td>31656.068060</td>\n","    </tr>\n","    <tr>\n","      <th>671</th>\n","      <td>Hong Kong China</td>\n","      <td>2007</td>\n","      <td>6980412.0</td>\n","      <td>Asia</td>\n","      <td>82.208</td>\n","      <td>39724.978670</td>\n","    </tr>\n","    <tr>\n","      <th>802</th>\n","      <td>Japan</td>\n","      <td>2002</td>\n","      <td>127065841.0</td>\n","      <td>Asia</td>\n","      <td>82.000</td>\n","      <td>28604.591900</td>\n","    </tr>\n","    <tr>\n","      <th>695</th>\n","      <td>Iceland</td>\n","      <td>2007</td>\n","      <td>301931.0</td>\n","      <td>Europe</td>\n","      <td>81.757</td>\n","      <td>36180.789190</td>\n","    </tr>\n","    <tr>\n","      <th>1487</th>\n","      <td>Switzerland</td>\n","      <td>2007</td>\n","      <td>7554661.0</td>\n","      <td>Europe</td>\n","      <td>81.701</td>\n","      <td>37506.419070</td>\n","    </tr>\n","    <tr>\n","      <th>...</th>\n","      <td>...</td>\n","      <td>...</td>\n","      <td>...</td>\n","      <td>...</td>\n","      <td>...</td>\n","      <td>...</td>\n","    </tr>\n","    <tr>\n","      <th>1344</th>\n","      <td>Sierra Leone</td>\n","      <td>1952</td>\n","      <td>2143249.0</td>\n","      <td>Africa</td>\n","      <td>30.331</td>\n","      <td>879.787736</td>\n","    </tr>\n","    <tr>\n","      <th>36</th>\n","      <td>Angola</td>\n","      <td>1952</td>\n","      <td>4232095.0</td>\n","      <td>Africa</td>\n","      <td>30.015</td>\n","      <td>3520.610273</td>\n","    </tr>\n","    <tr>\n","      <th>552</th>\n","      <td>Gambia</td>\n","      <td>1952</td>\n","      <td>284320.0</td>\n","      <td>Africa</td>\n","      <td>30.000</td>\n","      <td>485.230659</td>\n","    </tr>\n","    <tr>\n","      <th>0</th>\n","      <td>Afghanistan</td>\n","      <td>1952</td>\n","      <td>8425333.0</td>\n","      <td>Asia</td>\n","      <td>28.801</td>\n","      <td>779.445314</td>\n","    </tr>\n","    <tr>\n","      <th>1292</th>\n","      <td>Rwanda</td>\n","      <td>1992</td>\n","      <td>7290203.0</td>\n","      <td>Africa</td>\n","      <td>23.599</td>\n","      <td>737.068595</td>\n","    </tr>\n","  </tbody>\n","</table>\n","<p>1704 rows × 6 columns</p>\n","</div>"],"text/plain":["              country  year          pop continent  lifeExp     gdpPercap\n","803             Japan  2007  127467972.0      Asia   82.603  31656.068060\n","671   Hong Kong China  2007    6980412.0      Asia   82.208  39724.978670\n","802             Japan  2002  127065841.0      Asia   82.000  28604.591900\n","695           Iceland  2007     301931.0    Europe   81.757  36180.789190\n","1487      Switzerland  2007    7554661.0    Europe   81.701  37506.419070\n","...               ...   ...          ...       ...      ...           ...\n","1344     Sierra Leone  1952    2143249.0    Africa   30.331    879.787736\n","36             Angola  1952    4232095.0    Africa   30.015   3520.610273\n","552            Gambia  1952     284320.0    Africa   30.000    485.230659\n","0         Afghanistan  1952    8425333.0      Asia   28.801    779.445314\n","1292           Rwanda  1992    7290203.0    Africa   23.599    737.068595\n","\n","[1704 rows x 6 columns]"]},"metadata":{"tags":[]},"execution_count":8}]},{"cell_type":"markdown","metadata":{"id":"QyiUQzF0RnbB","colab_type":"text"},"source":["# Sort Pandas Dataframe based on a column and put missing values first?"]},{"cell_type":"code","metadata":{"id":"5-cLdkV2RjOd","colab_type":"code","colab":{},"executionInfo":{"status":"ok","timestamp":1592565094583,"user_tz":-330,"elapsed":1078,"user":{"displayName":"dhanya hari","photoUrl":"","userId":"01887745784407435863"}}},"source":["df=sort_na_first = df.sort_values('lifeExp',na_position='first')"],"execution_count":9,"outputs":[]},{"cell_type":"code","metadata":{"id":"X9aQW5w5RtRG","colab_type":"code","colab":{"base_uri":"https://localhost:8080/","height":419},"executionInfo":{"status":"ok","timestamp":1592565099611,"user_tz":-330,"elapsed":1631,"user":{"displayName":"dhanya hari","photoUrl":"","userId":"01887745784407435863"}},"outputId":"a6b5b30a-6663-4943-d37e-e723deaefedf"},"source":["df"],"execution_count":10,"outputs":[{"output_type":"execute_result","data":{"text/html":["<div>\n","<style scoped>\n","    .dataframe tbody tr th:only-of-type {\n","        vertical-align: middle;\n","    }\n","\n","    .dataframe tbody tr th {\n","        vertical-align: top;\n","    }\n","\n","    .dataframe thead th {\n","        text-align: right;\n","    }\n","</style>\n","<table border=\"1\" class=\"dataframe\">\n","  <thead>\n","    <tr style=\"text-align: right;\">\n","      <th></th>\n","      <th>country</th>\n","      <th>year</th>\n","      <th>pop</th>\n","      <th>continent</th>\n","      <th>lifeExp</th>\n","      <th>gdpPercap</th>\n","    </tr>\n","  </thead>\n","  <tbody>\n","    <tr>\n","      <th>1292</th>\n","      <td>Rwanda</td>\n","      <td>1992</td>\n","      <td>7290203.0</td>\n","      <td>Africa</td>\n","      <td>23.599</td>\n","      <td>737.068595</td>\n","    </tr>\n","    <tr>\n","      <th>0</th>\n","      <td>Afghanistan</td>\n","      <td>1952</td>\n","      <td>8425333.0</td>\n","      <td>Asia</td>\n","      <td>28.801</td>\n","      <td>779.445314</td>\n","    </tr>\n","    <tr>\n","      <th>552</th>\n","      <td>Gambia</td>\n","      <td>1952</td>\n","      <td>284320.0</td>\n","      <td>Africa</td>\n","      <td>30.000</td>\n","      <td>485.230659</td>\n","    </tr>\n","    <tr>\n","      <th>36</th>\n","      <td>Angola</td>\n","      <td>1952</td>\n","      <td>4232095.0</td>\n","      <td>Africa</td>\n","      <td>30.015</td>\n","      <td>3520.610273</td>\n","    </tr>\n","    <tr>\n","      <th>1344</th>\n","      <td>Sierra Leone</td>\n","      <td>1952</td>\n","      <td>2143249.0</td>\n","      <td>Africa</td>\n","      <td>30.331</td>\n","      <td>879.787736</td>\n","    </tr>\n","    <tr>\n","      <th>...</th>\n","      <td>...</td>\n","      <td>...</td>\n","      <td>...</td>\n","      <td>...</td>\n","      <td>...</td>\n","      <td>...</td>\n","    </tr>\n","    <tr>\n","      <th>1487</th>\n","      <td>Switzerland</td>\n","      <td>2007</td>\n","      <td>7554661.0</td>\n","      <td>Europe</td>\n","      <td>81.701</td>\n","      <td>37506.419070</td>\n","    </tr>\n","    <tr>\n","      <th>695</th>\n","      <td>Iceland</td>\n","      <td>2007</td>\n","      <td>301931.0</td>\n","      <td>Europe</td>\n","      <td>81.757</td>\n","      <td>36180.789190</td>\n","    </tr>\n","    <tr>\n","      <th>802</th>\n","      <td>Japan</td>\n","      <td>2002</td>\n","      <td>127065841.0</td>\n","      <td>Asia</td>\n","      <td>82.000</td>\n","      <td>28604.591900</td>\n","    </tr>\n","    <tr>\n","      <th>671</th>\n","      <td>Hong Kong China</td>\n","      <td>2007</td>\n","      <td>6980412.0</td>\n","      <td>Asia</td>\n","      <td>82.208</td>\n","      <td>39724.978670</td>\n","    </tr>\n","    <tr>\n","      <th>803</th>\n","      <td>Japan</td>\n","      <td>2007</td>\n","      <td>127467972.0</td>\n","      <td>Asia</td>\n","      <td>82.603</td>\n","      <td>31656.068060</td>\n","    </tr>\n","  </tbody>\n","</table>\n","<p>1704 rows × 6 columns</p>\n","</div>"],"text/plain":["              country  year          pop continent  lifeExp     gdpPercap\n","1292           Rwanda  1992    7290203.0    Africa   23.599    737.068595\n","0         Afghanistan  1952    8425333.0      Asia   28.801    779.445314\n","552            Gambia  1952     284320.0    Africa   30.000    485.230659\n","36             Angola  1952    4232095.0    Africa   30.015   3520.610273\n","1344     Sierra Leone  1952    2143249.0    Africa   30.331    879.787736\n","...               ...   ...          ...       ...      ...           ...\n","1487      Switzerland  2007    7554661.0    Europe   81.701  37506.419070\n","695           Iceland  2007     301931.0    Europe   81.757  36180.789190\n","802             Japan  2002  127065841.0      Asia   82.000  28604.591900\n","671   Hong Kong China  2007    6980412.0      Asia   82.208  39724.978670\n","803             Japan  2007  127467972.0      Asia   82.603  31656.068060\n","\n","[1704 rows x 6 columns]"]},"metadata":{"tags":[]},"execution_count":10}]},{"cell_type":"markdown","metadata":{"id":"3fOBLxWER13s","colab_type":"text"},"source":["# Sort Pandas Dataframe based on Index (in place)"]},{"cell_type":"code","metadata":{"id":"o9K0Vcb7RuTT","colab_type":"code","colab":{},"executionInfo":{"status":"ok","timestamp":1592565150469,"user_tz":-330,"elapsed":1080,"user":{"displayName":"dhanya hari","photoUrl":"","userId":"01887745784407435863"}}},"source":["df.sort_index(inplace=True)\n"],"execution_count":11,"outputs":[]},{"cell_type":"code","metadata":{"id":"2qA9IhY6R66S","colab_type":"code","colab":{"base_uri":"https://localhost:8080/","height":419},"executionInfo":{"status":"ok","timestamp":1592565153774,"user_tz":-330,"elapsed":1024,"user":{"displayName":"dhanya hari","photoUrl":"","userId":"01887745784407435863"}},"outputId":"25e329a4-e2a7-4765-b617-37583cfb1972"},"source":["df"],"execution_count":12,"outputs":[{"output_type":"execute_result","data":{"text/html":["<div>\n","<style scoped>\n","    .dataframe tbody tr th:only-of-type {\n","        vertical-align: middle;\n","    }\n","\n","    .dataframe tbody tr th {\n","        vertical-align: top;\n","    }\n","\n","    .dataframe thead th {\n","        text-align: right;\n","    }\n","</style>\n","<table border=\"1\" class=\"dataframe\">\n","  <thead>\n","    <tr style=\"text-align: right;\">\n","      <th></th>\n","      <th>country</th>\n","      <th>year</th>\n","      <th>pop</th>\n","      <th>continent</th>\n","      <th>lifeExp</th>\n","      <th>gdpPercap</th>\n","    </tr>\n","  </thead>\n","  <tbody>\n","    <tr>\n","      <th>0</th>\n","      <td>Afghanistan</td>\n","      <td>1952</td>\n","      <td>8425333.0</td>\n","      <td>Asia</td>\n","      <td>28.801</td>\n","      <td>779.445314</td>\n","    </tr>\n","    <tr>\n","      <th>1</th>\n","      <td>Afghanistan</td>\n","      <td>1957</td>\n","      <td>9240934.0</td>\n","      <td>Asia</td>\n","      <td>30.332</td>\n","      <td>820.853030</td>\n","    </tr>\n","    <tr>\n","      <th>2</th>\n","      <td>Afghanistan</td>\n","      <td>1962</td>\n","      <td>10267083.0</td>\n","      <td>Asia</td>\n","      <td>31.997</td>\n","      <td>853.100710</td>\n","    </tr>\n","    <tr>\n","      <th>3</th>\n","      <td>Afghanistan</td>\n","      <td>1967</td>\n","      <td>11537966.0</td>\n","      <td>Asia</td>\n","      <td>34.020</td>\n","      <td>836.197138</td>\n","    </tr>\n","    <tr>\n","      <th>4</th>\n","      <td>Afghanistan</td>\n","      <td>1972</td>\n","      <td>13079460.0</td>\n","      <td>Asia</td>\n","      <td>36.088</td>\n","      <td>739.981106</td>\n","    </tr>\n","    <tr>\n","      <th>...</th>\n","      <td>...</td>\n","      <td>...</td>\n","      <td>...</td>\n","      <td>...</td>\n","      <td>...</td>\n","      <td>...</td>\n","    </tr>\n","    <tr>\n","      <th>1699</th>\n","      <td>Zimbabwe</td>\n","      <td>1987</td>\n","      <td>9216418.0</td>\n","      <td>Africa</td>\n","      <td>62.351</td>\n","      <td>706.157306</td>\n","    </tr>\n","    <tr>\n","      <th>1700</th>\n","      <td>Zimbabwe</td>\n","      <td>1992</td>\n","      <td>10704340.0</td>\n","      <td>Africa</td>\n","      <td>60.377</td>\n","      <td>693.420786</td>\n","    </tr>\n","    <tr>\n","      <th>1701</th>\n","      <td>Zimbabwe</td>\n","      <td>1997</td>\n","      <td>11404948.0</td>\n","      <td>Africa</td>\n","      <td>46.809</td>\n","      <td>792.449960</td>\n","    </tr>\n","    <tr>\n","      <th>1702</th>\n","      <td>Zimbabwe</td>\n","      <td>2002</td>\n","      <td>11926563.0</td>\n","      <td>Africa</td>\n","      <td>39.989</td>\n","      <td>672.038623</td>\n","    </tr>\n","    <tr>\n","      <th>1703</th>\n","      <td>Zimbabwe</td>\n","      <td>2007</td>\n","      <td>12311143.0</td>\n","      <td>Africa</td>\n","      <td>43.487</td>\n","      <td>469.709298</td>\n","    </tr>\n","  </tbody>\n","</table>\n","<p>1704 rows × 6 columns</p>\n","</div>"],"text/plain":["          country  year         pop continent  lifeExp   gdpPercap\n","0     Afghanistan  1952   8425333.0      Asia   28.801  779.445314\n","1     Afghanistan  1957   9240934.0      Asia   30.332  820.853030\n","2     Afghanistan  1962  10267083.0      Asia   31.997  853.100710\n","3     Afghanistan  1967  11537966.0      Asia   34.020  836.197138\n","4     Afghanistan  1972  13079460.0      Asia   36.088  739.981106\n","...           ...   ...         ...       ...      ...         ...\n","1699     Zimbabwe  1987   9216418.0    Africa   62.351  706.157306\n","1700     Zimbabwe  1992  10704340.0    Africa   60.377  693.420786\n","1701     Zimbabwe  1997  11404948.0    Africa   46.809  792.449960\n","1702     Zimbabwe  2002  11926563.0    Africa   39.989  672.038623\n","1703     Zimbabwe  2007  12311143.0    Africa   43.487  469.709298\n","\n","[1704 rows x 6 columns]"]},"metadata":{"tags":[]},"execution_count":12}]},{"cell_type":"markdown","metadata":{"id":"69CT9eoKSATN","colab_type":"text"},"source":["# Sort Pandas Dataframe Based on the Values of Multiple Columns"]},{"cell_type":"code","metadata":{"id":"77fZYe6jSFQv","colab_type":"code","colab":{"base_uri":"https://localhost:8080/","height":419},"executionInfo":{"status":"ok","timestamp":1592565196777,"user_tz":-330,"elapsed":1061,"user":{"displayName":"dhanya hari","photoUrl":"","userId":"01887745784407435863"}},"outputId":"fc3e213c-7331-40d9-e640-81553341846f"},"source":["df"],"execution_count":13,"outputs":[{"output_type":"execute_result","data":{"text/html":["<div>\n","<style scoped>\n","    .dataframe tbody tr th:only-of-type {\n","        vertical-align: middle;\n","    }\n","\n","    .dataframe tbody tr th {\n","        vertical-align: top;\n","    }\n","\n","    .dataframe thead th {\n","        text-align: right;\n","    }\n","</style>\n","<table border=\"1\" class=\"dataframe\">\n","  <thead>\n","    <tr style=\"text-align: right;\">\n","      <th></th>\n","      <th>country</th>\n","      <th>year</th>\n","      <th>pop</th>\n","      <th>continent</th>\n","      <th>lifeExp</th>\n","      <th>gdpPercap</th>\n","    </tr>\n","  </thead>\n","  <tbody>\n","    <tr>\n","      <th>0</th>\n","      <td>Afghanistan</td>\n","      <td>1952</td>\n","      <td>8425333.0</td>\n","      <td>Asia</td>\n","      <td>28.801</td>\n","      <td>779.445314</td>\n","    </tr>\n","    <tr>\n","      <th>1</th>\n","      <td>Afghanistan</td>\n","      <td>1957</td>\n","      <td>9240934.0</td>\n","      <td>Asia</td>\n","      <td>30.332</td>\n","      <td>820.853030</td>\n","    </tr>\n","    <tr>\n","      <th>2</th>\n","      <td>Afghanistan</td>\n","      <td>1962</td>\n","      <td>10267083.0</td>\n","      <td>Asia</td>\n","      <td>31.997</td>\n","      <td>853.100710</td>\n","    </tr>\n","    <tr>\n","      <th>3</th>\n","      <td>Afghanistan</td>\n","      <td>1967</td>\n","      <td>11537966.0</td>\n","      <td>Asia</td>\n","      <td>34.020</td>\n","      <td>836.197138</td>\n","    </tr>\n","    <tr>\n","      <th>4</th>\n","      <td>Afghanistan</td>\n","      <td>1972</td>\n","      <td>13079460.0</td>\n","      <td>Asia</td>\n","      <td>36.088</td>\n","      <td>739.981106</td>\n","    </tr>\n","    <tr>\n","      <th>...</th>\n","      <td>...</td>\n","      <td>...</td>\n","      <td>...</td>\n","      <td>...</td>\n","      <td>...</td>\n","      <td>...</td>\n","    </tr>\n","    <tr>\n","      <th>1699</th>\n","      <td>Zimbabwe</td>\n","      <td>1987</td>\n","      <td>9216418.0</td>\n","      <td>Africa</td>\n","      <td>62.351</td>\n","      <td>706.157306</td>\n","    </tr>\n","    <tr>\n","      <th>1700</th>\n","      <td>Zimbabwe</td>\n","      <td>1992</td>\n","      <td>10704340.0</td>\n","      <td>Africa</td>\n","      <td>60.377</td>\n","      <td>693.420786</td>\n","    </tr>\n","    <tr>\n","      <th>1701</th>\n","      <td>Zimbabwe</td>\n","      <td>1997</td>\n","      <td>11404948.0</td>\n","      <td>Africa</td>\n","      <td>46.809</td>\n","      <td>792.449960</td>\n","    </tr>\n","    <tr>\n","      <th>1702</th>\n","      <td>Zimbabwe</td>\n","      <td>2002</td>\n","      <td>11926563.0</td>\n","      <td>Africa</td>\n","      <td>39.989</td>\n","      <td>672.038623</td>\n","    </tr>\n","    <tr>\n","      <th>1703</th>\n","      <td>Zimbabwe</td>\n","      <td>2007</td>\n","      <td>12311143.0</td>\n","      <td>Africa</td>\n","      <td>43.487</td>\n","      <td>469.709298</td>\n","    </tr>\n","  </tbody>\n","</table>\n","<p>1704 rows × 6 columns</p>\n","</div>"],"text/plain":["          country  year         pop continent  lifeExp   gdpPercap\n","0     Afghanistan  1952   8425333.0      Asia   28.801  779.445314\n","1     Afghanistan  1957   9240934.0      Asia   30.332  820.853030\n","2     Afghanistan  1962  10267083.0      Asia   31.997  853.100710\n","3     Afghanistan  1967  11537966.0      Asia   34.020  836.197138\n","4     Afghanistan  1972  13079460.0      Asia   36.088  739.981106\n","...           ...   ...         ...       ...      ...         ...\n","1699     Zimbabwe  1987   9216418.0    Africa   62.351  706.157306\n","1700     Zimbabwe  1992  10704340.0    Africa   60.377  693.420786\n","1701     Zimbabwe  1997  11404948.0    Africa   46.809  792.449960\n","1702     Zimbabwe  2002  11926563.0    Africa   39.989  672.038623\n","1703     Zimbabwe  2007  12311143.0    Africa   43.487  469.709298\n","\n","[1704 rows x 6 columns]"]},"metadata":{"tags":[]},"execution_count":13}]},{"cell_type":"code","metadata":{"id":"7x2kksbqR7pk","colab_type":"code","colab":{},"executionInfo":{"status":"ok","timestamp":1592565203021,"user_tz":-330,"elapsed":1094,"user":{"displayName":"dhanya hari","photoUrl":"","userId":"01887745784407435863"}}},"source":["df=sort_by_life_gdp = df.sort_values(['lifeExp','gdpPercap'])\n"],"execution_count":14,"outputs":[]},{"cell_type":"code","metadata":{"id":"-6HD1m8fSHvP","colab_type":"code","colab":{"base_uri":"https://localhost:8080/","height":419},"executionInfo":{"status":"ok","timestamp":1592565207231,"user_tz":-330,"elapsed":812,"user":{"displayName":"dhanya hari","photoUrl":"","userId":"01887745784407435863"}},"outputId":"72746c08-ad1b-4fcf-f876-20cddb861c20"},"source":["df"],"execution_count":15,"outputs":[{"output_type":"execute_result","data":{"text/html":["<div>\n","<style scoped>\n","    .dataframe tbody tr th:only-of-type {\n","        vertical-align: middle;\n","    }\n","\n","    .dataframe tbody tr th {\n","        vertical-align: top;\n","    }\n","\n","    .dataframe thead th {\n","        text-align: right;\n","    }\n","</style>\n","<table border=\"1\" class=\"dataframe\">\n","  <thead>\n","    <tr style=\"text-align: right;\">\n","      <th></th>\n","      <th>country</th>\n","      <th>year</th>\n","      <th>pop</th>\n","      <th>continent</th>\n","      <th>lifeExp</th>\n","      <th>gdpPercap</th>\n","    </tr>\n","  </thead>\n","  <tbody>\n","    <tr>\n","      <th>1292</th>\n","      <td>Rwanda</td>\n","      <td>1992</td>\n","      <td>7290203.0</td>\n","      <td>Africa</td>\n","      <td>23.599</td>\n","      <td>737.068595</td>\n","    </tr>\n","    <tr>\n","      <th>0</th>\n","      <td>Afghanistan</td>\n","      <td>1952</td>\n","      <td>8425333.0</td>\n","      <td>Asia</td>\n","      <td>28.801</td>\n","      <td>779.445314</td>\n","    </tr>\n","    <tr>\n","      <th>552</th>\n","      <td>Gambia</td>\n","      <td>1952</td>\n","      <td>284320.0</td>\n","      <td>Africa</td>\n","      <td>30.000</td>\n","      <td>485.230659</td>\n","    </tr>\n","    <tr>\n","      <th>36</th>\n","      <td>Angola</td>\n","      <td>1952</td>\n","      <td>4232095.0</td>\n","      <td>Africa</td>\n","      <td>30.015</td>\n","      <td>3520.610273</td>\n","    </tr>\n","    <tr>\n","      <th>1344</th>\n","      <td>Sierra Leone</td>\n","      <td>1952</td>\n","      <td>2143249.0</td>\n","      <td>Africa</td>\n","      <td>30.331</td>\n","      <td>879.787736</td>\n","    </tr>\n","    <tr>\n","      <th>...</th>\n","      <td>...</td>\n","      <td>...</td>\n","      <td>...</td>\n","      <td>...</td>\n","      <td>...</td>\n","      <td>...</td>\n","    </tr>\n","    <tr>\n","      <th>1487</th>\n","      <td>Switzerland</td>\n","      <td>2007</td>\n","      <td>7554661.0</td>\n","      <td>Europe</td>\n","      <td>81.701</td>\n","      <td>37506.419070</td>\n","    </tr>\n","    <tr>\n","      <th>695</th>\n","      <td>Iceland</td>\n","      <td>2007</td>\n","      <td>301931.0</td>\n","      <td>Europe</td>\n","      <td>81.757</td>\n","      <td>36180.789190</td>\n","    </tr>\n","    <tr>\n","      <th>802</th>\n","      <td>Japan</td>\n","      <td>2002</td>\n","      <td>127065841.0</td>\n","      <td>Asia</td>\n","      <td>82.000</td>\n","      <td>28604.591900</td>\n","    </tr>\n","    <tr>\n","      <th>671</th>\n","      <td>Hong Kong China</td>\n","      <td>2007</td>\n","      <td>6980412.0</td>\n","      <td>Asia</td>\n","      <td>82.208</td>\n","      <td>39724.978670</td>\n","    </tr>\n","    <tr>\n","      <th>803</th>\n","      <td>Japan</td>\n","      <td>2007</td>\n","      <td>127467972.0</td>\n","      <td>Asia</td>\n","      <td>82.603</td>\n","      <td>31656.068060</td>\n","    </tr>\n","  </tbody>\n","</table>\n","<p>1704 rows × 6 columns</p>\n","</div>"],"text/plain":["              country  year          pop continent  lifeExp     gdpPercap\n","1292           Rwanda  1992    7290203.0    Africa   23.599    737.068595\n","0         Afghanistan  1952    8425333.0      Asia   28.801    779.445314\n","552            Gambia  1952     284320.0    Africa   30.000    485.230659\n","36             Angola  1952    4232095.0    Africa   30.015   3520.610273\n","1344     Sierra Leone  1952    2143249.0    Africa   30.331    879.787736\n","...               ...   ...          ...       ...      ...           ...\n","1487      Switzerland  2007    7554661.0    Europe   81.701  37506.419070\n","695           Iceland  2007     301931.0    Europe   81.757  36180.789190\n","802             Japan  2002  127065841.0      Asia   82.000  28604.591900\n","671   Hong Kong China  2007    6980412.0      Asia   82.208  39724.978670\n","803             Japan  2007  127467972.0      Asia   82.603  31656.068060\n","\n","[1704 rows x 6 columns]"]},"metadata":{"tags":[]},"execution_count":15}]},{"cell_type":"code","metadata":{"id":"ijKdauzmSIyd","colab_type":"code","colab":{},"executionInfo":{"status":"ok","timestamp":1592565284845,"user_tz":-330,"elapsed":1149,"user":{"displayName":"dhanya hari","photoUrl":"","userId":"01887745784407435863"}}},"source":["df.sort_index(inplace=True)\n"],"execution_count":16,"outputs":[]},{"cell_type":"code","metadata":{"id":"Ryf7h1AESbs0","colab_type":"code","colab":{},"executionInfo":{"status":"ok","timestamp":1592565307679,"user_tz":-330,"elapsed":1140,"user":{"displayName":"dhanya hari","photoUrl":"","userId":"01887745784407435863"}}},"source":["sort_by_life_gdp = df.sort_values(['gdpPercap','lifeExp'])"],"execution_count":18,"outputs":[]},{"cell_type":"code","metadata":{"id":"nWSEeRlUSf2a","colab_type":"code","colab":{"base_uri":"https://localhost:8080/","height":419},"executionInfo":{"status":"ok","timestamp":1592565315572,"user_tz":-330,"elapsed":1407,"user":{"displayName":"dhanya hari","photoUrl":"","userId":"01887745784407435863"}},"outputId":"7ef7bad7-deda-4c3d-963d-3e9967303b37"},"source":["sort_by_life_gdp"],"execution_count":19,"outputs":[{"output_type":"execute_result","data":{"text/html":["<div>\n","<style scoped>\n","    .dataframe tbody tr th:only-of-type {\n","        vertical-align: middle;\n","    }\n","\n","    .dataframe tbody tr th {\n","        vertical-align: top;\n","    }\n","\n","    .dataframe thead th {\n","        text-align: right;\n","    }\n","</style>\n","<table border=\"1\" class=\"dataframe\">\n","  <thead>\n","    <tr style=\"text-align: right;\">\n","      <th></th>\n","      <th>country</th>\n","      <th>year</th>\n","      <th>pop</th>\n","      <th>continent</th>\n","      <th>lifeExp</th>\n","      <th>gdpPercap</th>\n","    </tr>\n","  </thead>\n","  <tbody>\n","    <tr>\n","      <th>334</th>\n","      <td>Congo Dem. Rep.</td>\n","      <td>2002</td>\n","      <td>55379852.0</td>\n","      <td>Africa</td>\n","      <td>44.966</td>\n","      <td>241.165877</td>\n","    </tr>\n","    <tr>\n","      <th>335</th>\n","      <td>Congo Dem. Rep.</td>\n","      <td>2007</td>\n","      <td>64606759.0</td>\n","      <td>Africa</td>\n","      <td>46.462</td>\n","      <td>277.551859</td>\n","    </tr>\n","    <tr>\n","      <th>876</th>\n","      <td>Lesotho</td>\n","      <td>1952</td>\n","      <td>748747.0</td>\n","      <td>Africa</td>\n","      <td>42.138</td>\n","      <td>298.846212</td>\n","    </tr>\n","    <tr>\n","      <th>624</th>\n","      <td>Guinea-Bissau</td>\n","      <td>1952</td>\n","      <td>580653.0</td>\n","      <td>Africa</td>\n","      <td>32.500</td>\n","      <td>299.850319</td>\n","    </tr>\n","    <tr>\n","      <th>333</th>\n","      <td>Congo Dem. Rep.</td>\n","      <td>1997</td>\n","      <td>47798986.0</td>\n","      <td>Africa</td>\n","      <td>42.587</td>\n","      <td>312.188423</td>\n","    </tr>\n","    <tr>\n","      <th>...</th>\n","      <td>...</td>\n","      <td>...</td>\n","      <td>...</td>\n","      <td>...</td>\n","      <td>...</td>\n","      <td>...</td>\n","    </tr>\n","    <tr>\n","      <th>855</th>\n","      <td>Kuwait</td>\n","      <td>1967</td>\n","      <td>575003.0</td>\n","      <td>Asia</td>\n","      <td>64.624</td>\n","      <td>80894.883260</td>\n","    </tr>\n","    <tr>\n","      <th>854</th>\n","      <td>Kuwait</td>\n","      <td>1962</td>\n","      <td>358266.0</td>\n","      <td>Asia</td>\n","      <td>60.470</td>\n","      <td>95458.111760</td>\n","    </tr>\n","    <tr>\n","      <th>852</th>\n","      <td>Kuwait</td>\n","      <td>1952</td>\n","      <td>160000.0</td>\n","      <td>Asia</td>\n","      <td>55.565</td>\n","      <td>108382.352900</td>\n","    </tr>\n","    <tr>\n","      <th>856</th>\n","      <td>Kuwait</td>\n","      <td>1972</td>\n","      <td>841934.0</td>\n","      <td>Asia</td>\n","      <td>67.712</td>\n","      <td>109347.867000</td>\n","    </tr>\n","    <tr>\n","      <th>853</th>\n","      <td>Kuwait</td>\n","      <td>1957</td>\n","      <td>212846.0</td>\n",